0 4402
7 2511
16 71
27 219
41 122
43 98
44 1158
57 136
58 1306
63 1168
69 1137
70 175
80 164
88 252
89 253
91 183
92 184
97 255
105 266
106 259
109 265
112 264
113 243
121 211
125 1438
127 234
130 280
131 281
133 232
137 285
140 237
141 2749
146 269
147 270
155 304
158 308
159 309
163 315
166 4597
171 324
172 325
173 329
176 331
178 83
179 333
180 335
181 336
182 339
183 340
184 341
185 342
187 1444
188 1447
194 4110
195 1451
197 351
198 352
199 346
200 275
203 349
204 350
205 353
206 354
209 2261
210 355
211 356
216 365
220 288
221 373
224 374
231 380
232 381
233 382
236 383
237 385
240 386
241 387
251 311
255 310
259 398
260 400
263 404
267 407
268 410
270 1463
272 595
274 415
275 416
276 293
277 294
278 418
279 419
280 420
284 425
285 1089
288 421
289 422
290 423
291 428
294 435
295 569
296 436
298 438
299 439
300 440
310 455
312 462
315 367
319 464
320 465
326 466
333 474
334 478
335 479
336 480
338 4581
339 481
341 430
342 431
346 493
347 494
353 495
356 504
369 557
414 586
423 1686
437 2953
440 538
441 539
445 3369
447 4697
448 532
449 2495
463 726
468 560
471 563
476 596
481 4011
482 657
490 1646
495 1659
501 574
502 575
507 3398
537 274
571 666
588 4523
609 699
611 814
612 1780
613 760
614 731
629 2582
630 752
633 737
635 2741
639 719
640 720
656 733
670 500
681 1009
688 2303
704 1639
706 1774
707 805
735 1941
746 551
772 3306
806 827
812 838
813 839
830 4435
841 876
846 884
847 885
848 501
849 1929
851 4287
853 891
868 905
869 906
870 910
871 911
876 913
878 1954
880 2013
884 2317
904 1244
905 950
909 1997
910 1189
914 2799
916 966
918 503
921 968
930 973
931 974
932 2756
933 975
934 976
936 978
938 980
941 2848
942 981
943 982
944 983
945 984
946 985
947 986
948 987
949 988
950 989
951 990
957 1000
958 1002
959 1003
960 1001
961 1995
965 1005
970 1010
971 991
975 34
978 1013
982 1150
986 1021
987 1020
994 2184
997 1023
998 1024
999 1025
1000 1026
1001 1028
1002 1029
1020 1039
1021 1040
1037 1117
1039 1045
1043 1046
1044 1047
1045 832
1061 617
1065 3630
1070 2784
1089 2470
1090 918
1094 1152
1095 368
1097 128
1104 2113
1113 1090
1129 748
1130 2907
1140 1125
1151 3627
1171 58
1173 1066
1177 2358
1183 4987
1210 2172
1221 1169
1223 2615
1224 1176
1225 1207
1228 1236
1233 247
1238 1179
1243 1198
1244 2825
1248 1205
1249 1206
1257 1211
1258 1209
1259 1210
1261 1197
1272 1222
1273 2289
1274 2290
1285 3241
1289 2331
1309 121
1349 1346
1364 133
1366 1364
1367 1313
1371 139
1373 153
1374 1370
1396 200
1397 1383
1398 2354
1405 1376
1406 2371
1411 1430
1418 1434
1420 1366
1426 2383
1427 2387
1430 1388
1437 1384
1438 1387
1441 1393
1453 4482
1454 1410
1459 2168
1468 1477
1469 1478
1477 1446
1480 344
1489 1490
1490 1491
1492 1492
1494 1548
1496 2417
1497 233
1498 1448
1503 1497
1506 2444
1509 1500
1510 1501
1512 947
1514 2441
1517 2443
1519 1510
1520 390
1522 1458
1524 1520
1525 2510
1526 1521
1530 2446
1531 2445
1536 1525
1537 1526
1538 1527
1543 1534
1544 1535
1545 1536
1548 433
1549 1540
1550 1542
1554 1552
1555 2531
1556 1553
1559 2264
1560 1554
1561 761
1564 1559
1568 1563
1572 471
1573 1517
1575 1571
1577 1572
1584 1576
1590 490
1591 1584
1592 1585
1595 1589
1596 1590
1597 2786
1603 2517
1607 456
1608 457
1612 1640
1618 2580
1622 2601
1625 1043
1642 2556
1666 2589
1670 1607
1671 1608
1675 2596
1676 27
1701 907
1725 1643
1743 588
1744 589
1750 603
1760 1680
1788 1182
1794 3973
1821 4017
1825 1760
1832 2702
1847 1764
1857 1782
1858 1792
1900 616
1907 2751
1921 899
1938 2725
1943 4127
1986 834
1990 2841
1994 72
2006 1898
2007 1016
2011 1900
2012 1901
2016 1902
2017 1903
2024 1910
2030 1713
2031 1917
2032 1918
2034 1282
2037 1177
2043 1930
2056 902
2057 1943
2065 1947
2066 4887
2068 2008
2087 1467
2094 4399
2095 1086
2110 1984
2115 735
2118 1991
2123 2063
2126 1996
2141 2001
2142 2002
2146 2005
2152 2009
2153 2010
2155 1688
2167 2019
2179 2023
2186 2027
2188 2029
2189 2026
2190 2033
2201 2043
2208 2044
2209 2046
2213 1050
2223 3499
2227 4880
2265 3557
2269 90
2279 2982
2284 2132
2302 2991
2305 2149
2308 2150
2310 1162
2311 1163
2351 1174
2352 1175
2353 2175
2363 749
2368 3055
2370 2251
2372 2198
2374 2203
2375 2199
2391 2233
2392 2234
2394 2277
2397 2246
2398 2247
2404 2249
2405 2250
2406 2248
2409 2237
2410 2254
2411 2258
2412 2259
2415 2266
2420 2267
2421 2268
2427 959
2440 1239
2441 1225
2443 1228
2480 60
2514 1311
2539 2318
2540 2052
2541 2326
2543 1291
2544 1268
2549 2338
2550 1337
2551 2348
2565 3267
2569 2364
2570 3277
2572 3282
2573 2370
2575 2374
2577 2373
2581 2372
2582 2377
2583 2378
2592 2382
2609 602
2612 2394
2638 2468
2639 2469
2641 2416
2647 2424
2648 2418
2649 2478
2654 3311
2656 2489
2657 2487
2666 2491
2669 2496
2673 2440
2678 2499
2679 2442
2680 2500
2681 2501
2682 2504
2683 2502
2684 2503
2685 2429
2687 3329
2689 1532
2694 1483
2697 2532
2701 2541
2703 2591
2705 1565
2708 2548
2716 2558
2720 2562
2723 2566
2725 2572
2730 2575
2741 2542
2745 2559
2764 2579
2765 3437
2766 3960
2780 2600
2783 3449
2791 3991
2838 446
2839 2640
2881 2703
2893 2717
2914 2736
2994 2802
2995 2803
3000 2807
3005 54
3008 2820
3011 1961
3016 2123
3019 4427
3021 3553
3041 2856
3049 2865
3050 2866
3070 2879
3076 4165
3084 2876
3094 2919
3111 1316
3127 2107
3140 3637
3142 114
3143 230
3159 2992
3160 2972
3168 2154
3171 2981
3193 2999
3194 3000
3199 3014
3200 3686
3201 3182
3202 3028
3212 3023
3215 3026
3223 3017
3225 2263
3226 2190
3237 3047
3238 3056
3239 3714
3240 3057
3241 3058
3256 3059
3263 3071
3264 3073
3272 2183
3273 3080
3274 3081
3276 3018
3279 3800
3281 3090
3284 3088
3285 3089
3295 3097
3296 3096
3297 3095
3303 3101
3308 3116
3309 3117
3311 3181
3320 3125
3322 3123
3329 3136
3330 3135
3332 3143
3335 3140
3343 2196
3349 3155
3352 3159
3353 3160
3359 3158
3361 3161
3367 3165
3368 3166
3369 3167
3382 3176
3383 3177
3396 3192
3400 3195
3411 3196
3412 3197
3416 3201
3418 3209
3426 2291
3428 3218
3433 3224
3434 3222
3436 3221
3438 3227
3439 3232
3442 3237
3445 2301
3446 2299
3448 3239
3451 3270
3514 2380
3520 3870
3521 3271
3522 3872
3523 3272
3524 3278
3527 3283
3529 3281
3534 2432
3537 412
3547 3314
3560 3334
3561 4819
3564 3340
3569 2425
3572 3342
3573 3343
3574 3344
3575 3345
3576 3353
3577 3354
3581 3358
3587 3362
3590 3364
3597 3376
3598 3377
3608 3365
3609 3392
3611 1569
3613 3950
3625 2389
3638 3394
3660 2672
3663 3429
3668 3439
3709 3490
3763 3530
3802 2808
3806 3597
3815 3602
3822 2815
3868 1977
3871 3610
3928 3655
3943 2770
3946 3674
3948 3678
3950 835
3954 3673
3958 3676
3959 3677
3977 3718
3982 3719
3991 3723
3999 3739
4014 3748
4017 3756
4039 3132
4043 3763
4046 3772
4047 3769
4070 3792
4078 3801
4079 3802
4080 3794
4081 3795
4087 3816
4088 3817
4089 3818
4090 3819
4091 3820
4092 3821
4094 3814
4095 3815
4107 3834
4109 3840
4112 3839
4114 3832
4115 3842
4121 3849
4123 3848
4126 3846
4127 3847
4136 4425
4146 3862
4154 4246
4166 3865
4171 3886
4183 3897
4184 3291
4188 3407
4195 3916
4197 3921
4211 3938
4212 3939
4215 3941
4216 3942
4218 3944
4219 3945
4228 3949
4229 3952
4232 1235
4281 3481
4282 4005
4324 3543
4345 3576
4350 3562
4351 3561
4371 4424
4402 4198
4403 4199
4414 4164
4419 111
4424 3657
4432 1711
4433 1712
4435 4191
4446 4202
4448 4206
4449 4207
4480 4221
4482 4222
4489 3796
4502 4226
4503 4227
4505 3538
4522 4250
4531 4257
4539 4468
4540 4469
4541 4273
4542 4478
4546 4265
4548 3906
4555 4295
4570 4497
4583 4312
4595 4636
4632 4371
4641 4375
4642 4374
4662 663
4699 2458
4705 3751
4706 4440
4733 4466
4734 4477
4744 4485
4761 2086
4768 4779
4785 4519
4786 4520
4790 4655
4798 4186
4818 4541
4882 4616
4883 4617
4884 4618
4887 4622
4917 4505
4924 1824
4925 4659
4981 3381
4983 4814
4985 4603
5007 4932
5009 4737
5053 714
5062 4803
5068 4827
5074 1180
5089 4831
5094 4763
5110 4852
5131 4927
5137 63
5147 4828
5224 4977
